1000 0.00290570107757023 146.677811732241
100 0.00292892333625863 149.852979587941
101 0.00310012964849587 147.802568684892
102 0.00279077211860295 142.11497821751
103 0.00258687193089413 131.708478794596
104 0.00454802741331343 133.158738140858
105 0.00269087267737659 138.230443640277
106 0.00276513479452979 138.084953999937
107 0.00291809724267211 148.908742203159
108 0.00253423611712776 129.739975927173
109 0.00281756475909899 139.401549992886
10 0.00391022222411516 144.489646744177
110 0.00258750636416246 132.915791032221
111 0.0029080966445387 148.693085944847
112 0.00271966132635863 137.089526753958
113 0.00316343679045567 138.447318868802
114 0.00275583327384584 140.694877348866
115 0.00297648248398395 143.859494169994
116 0.00262844258392994 129.640903019416
117 0.00264255369592798 135.94578836221
118 0.00268341406441551 136.73787824497
119 0.00614357063572702 137.181571000853
11 0.00297520401280616 149.78119091147
120 0.00288349621921816 146.851448040123
121 0.0024720274339754 129.455768795193
122 0.00268085669305979 139.071289769774
123 0.00270279932478209 131.545359761706
124 0.00279862212878133 138.426537892164
125 0.00292576575831481 143.228669610241
126 0.00293647682470394 146.651888439068
127 0.00281361212792465 144.884394463458
128 0.0028697659931222 148.464973347777
129 0.00245002544768771 125.66988190368
12 0.00264228856089378 133.629388568811
130 0.00265663878213299 137.613626387161
131 0.00278256775008273 142.251771073174
132 0.00274449125941048 141.096968230182
133 0.00275186066462136 139.99064000709
134 0.0117161375188489 130.310517916
135 0.00289510990313666 146.501434667995
136 0.00265749584574895 135.977883598623
137 0.00259731186707605 130.61394471903
138 0.00263577796079757 133.99621924579
139 0.00258362601185546 134.348104842044
13 0.00279638122793494 141.908394615646
140 0.00292226090915513 148.035997750382
141 0.00273828917393311 134.171251085018
142 0.00331350304792348 151.679983909461
143 0.00362953356042004 139.694046988973
144 0.00296262282009592 150.539952229329
145 0.00271656554872521 136.468827092178
146 0.00282064420369767 137.959574997458
147 0.00286803692123968 145.251658716482
148 0.00282155549956548 142.618853040512
149 0.00300014888996404 150.732114121143
14 0.00273893483716721 140.801136161098
150 0.00264987296243077 134.537547132956
151 0.00302663703783887 149.518211323359
152 0.00263636842445895 133.236187654184
153 0.00278997363083408 142.668681369307
154 0.00257421951924489 131.945537027993
155 0.00254190225845366 133.278728041432
156 0.00312561344300413 157.399429461713
157 0.00282246497594998 140.73040783288
158 0.00283660783597744 144.402616474894
159 0.00280675035910811 144.27047728843
15 0.00275683200533363 141.278709492647
160 0.00270772109328113 141.040011199902
161 0.00271337205417846 139.147591563431
162 0.00278959736564411 146.184407597341
163 0.00267904043056998 140.629953078679
164 0.00266555016913113 137.840279495525
165 0.0027906028576847 139.387553672315
166 0.00275214389411214 142.53645253698
167 0.0026231909639344 128.872356672933
168 0.00282495319197195 146.359878720708
169 0.00300306442487881 151.924044503787
16 0.00256620562474966 132.303722800671
170 0.00273603710952725 137.474506966269
171 0.00275482033472631 140.35760920617
172 0.00287381186417792 145.169486572387
173 0.00282236452732763 143.109498427633
174 0.00277716704868089 142.981120225076
175 0.0027961786718798 137.304641453722
176 0.0026703299251602 139.542088243791
177 0.00276559508126341 144.021162090369
178 0.0027931931196678 142.462205945777
179 0.00274938564372066 139.38160025984
17 0.00262084123549592 135.122992607839
180 0.00280042771133059 135.577924431508
181 0.00270081000362405 137.176122790368
182 0.00302768511692327 153.332668538212
183 0.00278077127711628 141.218652308094
184 0.00259529269898537 135.449823933638
185 0.00277207184754469 142.701787639257
186 0.0029990130843942 151.822768282595
187 0.00245898680026003 127.087699696238
188 0.00258540494473626 135.914566357829
189 0.00269693282942626 134.040491974227
18 0.00302140632205176 149.445209865571
190 0.00284807125193639 140.089667094395
191 0.00273794836740896 137.724373568539
192 0.0028781613163493 147.308677448743
193 0.00280693024851186 137.157482759068
194 0.00289493608660967 144.7997665994
195 0.00289271329779513 146.587900599865
196 0.00271669716129762 140.586541054493
197 0.00297727065777698 150.507570773105
198 0.00270064183869973 139.252171864505
199 0.00269953164972913 137.695069807717
19 0.00293105546338523 147.34950814092
1 0.0027277089480284 136.35782986002
200 0.00277032420272366 139.887346433859
201 0.00267045651084312 139.03708793384
202 0.00263711864617433 135.33541884912
203 0.00289355583130247 145.833081116435
204 0.00272415059373493 140.625795860159
205 0.00274168411735445 135.237577500399
206 0.00283122252805135 143.687759660487
207 0.0028465667760475 142.139555122244
208 0.00303942357902223 150.582984003735
209 0.00279070163799149 146.139998706677
20 0.00282206594691323 143.038911884503
210 0.661298315797858 137.798897897329
211 0.00282452263763873 141.08200085121
212 0.00301216418874107 147.944112827435
213 0.00270857541876711 137.396045021921
214 0.00271359376415046 139.546617494789
215 0.00269512065488298 137.888859289421
216 0.00257916457776839 129.250876262091
217 0.0110002792880256 144.147536791815
218 0.00275185066709882 143.33009423252
219 0.00275766938078918 141.507383189585
21 0.00293398881545769 146.630563703386
220 0.00287868831788665 146.320139929703
221 0.00262209331407016 133.73072660283
222 0.00286114151781762 138.494524987677
223 0.00270472833703443 141.099489641602
224 0.00280692977429975 144.877202175872
225 0.00279592721287258 143.183816106976
226 0.00280690433615024 138.85695290913
227 0.0028454484752309 143.204479157707
228 0.00278339035576253 143.160046682402
229 0.00288335128645906 142.003742364609
22 0.00283226615872036 135.171382788759
230 0.00281455270966704 138.483152124823
231 0.00303027766081055 149.907172077461
232 0.00281831046894448 142.894218311144
233 0.00255359355254812 125.272817251656
234 0.00291842658061115 144.56486319547
235 0.00267373658498103 143.068504981718
236 0.00424036963872382 155.780940137429
237 0.00292891434385374 149.162732834804
238 0.00305504769334581 153.372620222032
239 0.00261338621761409 137.627910453237
23 0.00436244713950877 153.170908389878
240 0.00277623467880982 142.05307266232
241 0.00268279087216909 136.49938780082
242 0.00285147890055647 145.038002544343
243 0.00268755889442571 137.980893574859
244 0.00277343343371208 139.949006717042
245 0.00277169304146578 143.309515692887
246 0.00295326074641997 148.44912993697
247 0.00234675193083502 119.492536236189
248 0.00253798752821158 131.792544598398
249 0.00255973318785774 130.142764822397
24 0.00300707381024824 153.998780276398
250 0.00281617597513921 145.075740547314
251 0.00282738181552149 143.363481078457
252 0.00265642481284802 138.946731202824
253 0.00291455700025382 144.604537233954
254 0.00282784388061989 141.440200502568
255 0.00270273321951313 133.300051484422
256 0.00312969195101188 139.903628087249
257 0.00302686909037164 150.480643791122
258 0.00288086402400901 147.010871095326
259 0.00279689404425318 141.698318358084
25 0.00282862711715328 143.625062057573
260 0.00294772121395796 151.329046723985
261 0.00290811353379617 145.588164784462
262 0.00266733316434743 131.977960420888
263 0.0046165167080426 139.497576253956
264 0.00271633083930124 138.834964369716
265 0.00289339770210674 141.790399521623
266 0.00275933694731385 141.22809596428
267 0.00277092286650069 140.695182722171
268 0.00280451958317917 146.268954737228
269 0.0027552812189047 139.803433215404
26 0.0026700243516392 134.709754646795
270 0.00256505510189104 133.003202672257
271 0.00251044218410898 131.482851381624
272 0.00273588580454189 141.37961472213
273 0.00275189540205976 142.40220086694
274 0.00279948907787011 144.612382725285
275 0.00279865865420175 144.695581560923
276 0.00259498855143222 131.262731167779
277 0.00259613214110568 130.320737610806
278 0.00272793078737817 139.328994742327
279 0.00276920691533953 142.022850827065
27 0.00251777130363771 131.149084745007
280 0.00242852951643991 127.548400033987
281 0.00283745400255304 140.264629864528
282 0.00263996147032564 136.283640092673
283 0.00272857206887148 139.144335530059
284 0.00310406822574841 153.358264442507
285 0.0026389558251366 135.240752350993
286 0.00272630483229214 135.652225386832
287 0.00268095212837564 136.256782477909
288 0.00317850009909694 158.74025206751
289 0.00273871799258396 137.22187982966
28 0.0027416664336916 141.132148913478
290 0.00293035216053972 147.895684189527
291 0.00280552719701307 145.156014900609
292 0.00282290250693923 142.192730366313
293 0.00288064223663154 142.728056877306
294 0.00280421681564689 142.011493156286
295 0.00275426381449315 136.555529276246
296 0.00296853674725035 143.156032040829
297 0.00280735579678443 145.043943780447
298 0.00279487058404246 141.043848392058
299 0.00247201228318715 127.754453824199
29 0.00280758195783615 144.817293944023
2 0.00273796503570316 139.325017250886
300 0.00273180774805235 137.021312483474
301 0.00267841979274978 134.605223929838
302 0.00271372425552517 141.070227773635
303 0.00287903663368782 144.57345229719
304 0.00295626407199834 148.807192992088
305 0.0029026864325046 148.524387334401
306 0.00267303980804065 132.533852977287
307 0.0024828653726462 128.437841338033
308 0.00285120816794465 142.025467803374
309 0.00259239263174198 133.278024710102
30 0.00268809598215959 139.231639554933
310 0.00272734420903762 139.461180263202
311 0.0026998942277034 136.519092655307
312 0.00281013508111064 140.2679119841
313 0.00278831117544148 142.494518938472
314 0.00266638265143939 134.920296508967
315 0.00264877480212669 137.301168539676
316 0.0030304884441917 148.224961742938
317 0.00284797051701195 142.984458810252
318 0.00276411078990433 138.942162813482
319 0.00263186977164667 135.471211737235
31 0.00310982900370945 151.414336861337
320 0.0026512228280183 137.224805445131
321 0.00274288682627769 140.585583433711
322 0.00285035017034778 138.78425791105
323 0.00289089772011632 147.804837381113
324 0.00261049044126346 138.274513081159
325 0.00257597950366548 133.568491288424
326 0.00286666960500929 144.427901090581
327 0.00253471702605562 132.557674460472
328 0.00236747440216213 123.519116678217
329 0.00287443758921572 147.665186748198
32 0.00286168627681617 147.708506806797
330 0.00288162436632529 149.83298953063
331 0.00266088740350805 133.02014635766
332 0.0027544994938262 143.537925461506
333 0.00252596442274398 129.349210884228
334 0.00266642214989374 138.927553582959
335 0.00275515081010069 136.077111638005
336 0.00276698566260421 138.76849445326
337 0.00308342386218163 145.686048934599
338 0.0028326932706185 143.041653710093
339 0.0460984791568375 136.13647667134
33 0.00260271542197052 134.321346187701
340 0.00260355135618526 129.884591394075
341 0.00254805115076646 133.574882424694
342 0.00292696508739239 141.542436122516
343 0.00286899197203678 135.520000390348
344 0.00296332313133936 136.724476699172
345 0.0025226532355425 131.174200861141
346 0.00294062251940009 149.653329860959
347 0.00284514595805623 147.386593158875
348 0.00289760823986659 145.555399467173
349 0.00295307063586272 150.284155751371
34 0.00276240145623161 140.148886962611
350 0.00280157626989832 143.426583446087
351 0.00258930261540634 135.163668630548
352 0.00265943616323374 138.046244490695
353 0.0025187498199725 129.953686069603
354 0.00282798954038447 141.464972101912
355 0.00257197626525689 129.684439552974
356 0.00247636956591733 130.760060277728
357 0.00286694539732653 143.381813462077
358 0.00259680605798632 135.207762485498
359 0.0027151462075196 138.022162896346
35 0.00255793472165818 136.939981160981
360 0.00275659666407701 136.015846797926
361 0.0024808895388801 128.866307865095
362 0.00278982792867207 142.227135636896
363 0.00268445091040906 138.019421974825
364 0.00261372229184493 131.815038098651
365 0.00283694256712521 145.286339811095
366 0.00256351939955304 131.285544692145
367 0.00277915509500956 139.225945954664
368 0.00292114361302089 136.680635585013
369 0.00363876386419448 153.84800493108
36 0.00264943249669243 137.296671074334
370 0.0030068119030428 152.518818229154
371 0.00271041808377582 138.436703013651
372 0.00296573422877069 146.720458665658
373 0.00268209092795726 135.153643616338
374 0.00282302612427449 144.958980408387
375 0.00288657970935336 145.774667113798
376 0.00244471170065459 126.796459687157
377 0.0025354567921203 133.031084701308
378 0.00283100328191281 142.156121544349
379 0.00255287204366443 132.678832983635
37 0.00282868630087496 144.134152102597
380 0.00303071780032272 142.860812999352
381 0.00265181333199124 135.733022128073
382 0.00290327378604304 145.619534951376
383 0.00286574857488727 146.003725933354
384 0.00322028124316269 157.177669034033
385 0.00249937855247137 128.124957324961
386 0.00289187652316255 147.401578331006
387 0.00282582792742928 143.381504350151
388 0.00259108703724053 135.654204606969
389 0.00284092479348894 143.858048222862
38 0.00277049186573169 142.282955881326
390 0.00285754031338832 145.528121326986
391 0.00284991003624572 141.365211448195
392 0.00272552702331506 139.524609343432
393 0.00255217771768915 130.753254449124
394 0.00278771654334022 143.778490333508
395 0.0029243558708332 149.23972301516
396 0.002696056234856 134.019528815471
397 0.00315298875051644 158.522325154799
398 0.00264119530954014 131.807522925543
399 0.00381752813368513 143.226428767121
39 0.00290196323753492 141.267541530699
3 0.00287308202532866 148.664939559897
400 0.00287262686793147 133.078483424928
401 0.0025489028780998 131.088317281899
402 0.00310627346627765 153.212453434505
403 0.00288414071197746 147.340683648221
404 0.00271099499422067 141.999365270812
405 0.00268463887163464 139.745136261857
406 0.00285164639110839 144.425686742617
407 0.00318957215175955 149.75681932547
408 0.0028460097472771 142.99127032572
409 0.00271899490028737 135.617579467391
40 0.0026463875669973 133.171243643867
410 0.00285834450566951 148.041701260744
411 0.00262062560931788 133.128448089997
412 0.0040942433497714 149.109833477397
413 0.0046998684748085 144.54759284186
414 0.00284467231286768 143.258398048378
415 0.00289032713332077 145.120284849592
416 0.00298042615368221 147.657888495643
417 0.00301355313211995 146.915277646361
418 0.00303125497241089 151.581042897367
419 0.0026428576891117 137.289904319604
41 0.00271369195667871 135.702135140085
420 0.00326585665234533 144.584938598836
421 0.00265482300511293 135.545152267269
422 0.00281526904511031 144.302136017836
423 0.00265124082486199 135.512051464113
424 0.00266192928088605 134.683685674953
425 0.00275040532231703 141.420562787932
426 0.00299091439298255 149.007434043201
427 0.00283368217604134 144.371375574289
428 0.00293456846318253 147.419309812465
429 0.00257005520070853 134.22711474494
42 0.00250101931140361 132.081534895625
430 0.00285003824731016 146.533663286493
431 0.00270828032204746 137.058032294116
432 0.00279977339358201 143.53977488215
433 0.00266042951572511 135.673538848893
434 0.00280421441887948 141.618836580778
435 0.00342386100398131 130.17734256093
436 0.00287875606199197 147.464978032926
437 0.00289195082090973 142.013716405294
438 0.00276003127220805 138.931752038114
439 0.00266367769957108 135.786792126025
43 0.00268111016075331 136.198965791307
440 0.0028819264031221 145.267472204643
441 0.00269314815621785 138.370320024601
442 0.002882956939508 145.459576448175
443 0.00280342068689203 143.823555017009
444 0.00395446087010264 136.734054225174
445 0.00254612628647348 134.012496195049
446 0.00279214019814241 144.326003327837
447 0.00291290248015309 144.255650223826
448 0.00275340962085086 141.682305399266
449 0.00276955539566955 139.020006414001
44 0.00283187654434553 142.171882290988
450 0.00276933010040682 138.313731927922
451 0.00263706978026297 136.580617233945
452 0.00242514871082825 125.452011537024
453 0.00259185440359511 132.301245212215
454 0.00269450567885671 135.551147346982
455 0.00250195084822274 128.271472350404
456 0.00306846458093897 154.616075929157
457 0.00268954903625076 138.528615748997
458 0.00280512851536205 139.868042614252
459 0.00272028472779328 138.267060794834
45 0.00260361691686119 134.10648486643
460 0.002642314147303 128.574031520334
461 0.00292757917060766 149.364914789555
462 0.00292578320022833 150.607606861758
463 0.00314365921242006 153.238197476028
464 0.0358190325856199 135.734321720764
465 0.00272985407008617 138.919465949235
466 0.00257726626319584 129.987858533102
467 0.00289561353381498 148.718238668021
468 0.00277271441750554 143.312880425533
469 0.00270146727033431 136.235474304863
46 0.00291765394237635 142.798066490157
470 0.00279236855701472 141.134706416898
471 0.00274260117878218 142.202382922284
472 0.00261532750229678 131.481837515745
473 0.00262982714564658 133.71446043947
474 0.00295508024497321 146.046582796036
475 0.00246250738912667 128.774387246043
476 0.00297884052293105 147.106850095542
477 0.00295033573540048 147.951812043009
478 0.003764535461275 139.089963595333
479 0.0027268222945518 139.58975452767
47 0.00280140884060414 140.426495836952
480 0.00271024681765325 140.114521504103
481 0.00300849740697415 150.708866536091
482 0.00321577234785072 161.436952892859
483 0.0028125041668004 138.792785326604
484 0.00265132812065123 137.6448891671
485 0.00287055412690927 145.616516607755
486 0.00306153012491344 153.105540808455
487 0.00283483550751192 143.182176084147
488 0.00263789842678438 137.041173166895
489 0.00296341030087697 147.278704584285
48 0.00254729843050854 130.518181866483
490 0.00274746085007414 140.108603352803
491 0.00267733786938032 131.541076896716
492 0.00415759372899628 141.151334392578
493 0.00284578961080829 147.189988495236
494 0.00269976065160894 138.644184444903
495 0.00327825327424651 144.21012472807
496 0.00273548896775862 137.691795435024
497 0.00592444356150592 143.779714213745
498 0.0029685261686932 146.202550720655
499 0.00297855385161254 149.929026501758
49 0.00257390734462117 135.885404272473
4 0.00309191357558093 143.416509779804
500 0.00275743691973374 134.745471982815
501 0.00301292968437899 134.832332987317
502 0.00266258593531061 135.814629497142
503 0.00277486745599394 137.701073601484
504 0.00311574581328606 156.698721988105
505 0.00284758318214613 142.916114187578
506 0.00274982079102834 141.443788122397
507 0.00291037304797869 143.635670754012
508 0.00305719032393941 142.109018655058
509 0.00271343132493734 140.189517207116
50 0.00310958599275017 158.207109225635
510 0.00254909022017078 131.799600538083
511 0.00382949226057789 144.783818819332
512 0.00269566599953698 137.314770684957
513 0.00268115405388606 143.622660113567
514 0.00320745147919333 141.82886913893
515 0.00272693764766906 140.552457368142
516 0.00266473878507108 134.262757169608
517 0.0025908399130483 129.700228986658
518 0.00256712536219771 132.06496163049
519 0.00310490892717464 152.398458924803
51 0.0137306878805781 145.415015036094
520 0.00286655183720066 137.215458431088
521 0.00276808800674813 141.238055213331
522 0.00279242543189953 145.32470133608
523 0.00251654357108341 128.45303278458
524 0.00297813168356053 149.373343539604
525 0.00257921890340492 136.09245867019
526 0.00317501406041317 133.736986073218
527 0.00277394185186093 141.579968236779
528 0.00274446099188155 138.375042200093
529 0.0028026561295629 143.003490019295
52 0.00268320101483195 131.827356563332
530 0.00270478463157051 139.656534549063
531 0.00258491339706851 135.532044012785
532 0.00270700736782189 139.321145787384
533 0.00273964409227479 139.878630535863
534 0.00270396669791184 135.686502211959
535 0.00280063581725421 142.792829675799
536 0.00269908258563159 137.196663094506
537 0.00257602965039154 131.562081555137
538 0.00270422450687513 135.762205595674
539 0.00285420906308055 139.774193448936
53 0.00266823833859679 134.478408147455
540 0.00300803051766403 146.745393411868
541 0.00283046394265718 145.736462873791
542 0.00265302666957435 135.555790834944
543 0.00273291963086044 137.407048667416
544 0.0028736986869356 147.124570881269
545 0.00275683483117511 140.836891046772
546 0.002720113350877 140.074719213164
547 0.00267472291179251 135.001394615032
548 0.00255137714724158 129.176941477425
549 0.00285097681434007 139.718704381981
54 0.00259365032821574 135.549615819971
550 0.00313373124218031 139.439909683581
551 0.00263085853669233 136.71008509291
552 0.00258646419960066 133.450844770079
553 0.00273062650179242 135.237836082249
554 0.00281081721029007 143.48615651452
555 0.00276794970073891 138.438719187634
556 0.00265741213387789 133.042911743173
557 0.00275509065915111 140.107055193091
558 0.0028181190286706 145.873565164425
559 0.00273850221470034 139.686688989793
55 0.00264259001110724 140.45567644705
560 0.00269601533530488 135.401189797503
561 0.00259176379124563 132.687365622298
562 0.00288038001085278 144.623030064446
563 0.00257322634044811 130.657291549125
564 0.00257026589128224 131.612456962617
565 0.00300179249138407 147.865789688374
566 0.00292056970448229 146.991803842069
567 0.00272089850249644 139.777761288576
568 0.00256460588804524 130.283047836219
569 0.00259974303853308 134.986309221865
56 0.00264739365203336 136.713917526266
570 0.00303003915259537 153.749251165118
571 0.00298110868507164 151.00999177532
572 0.00302358032698472 147.913882125015
573 0.00290998018932388 147.863503591698
574 0.00245990991626211 128.643195280047
575 0.00286544749550632 140.87794688939
576 0.00291502626944556 148.496460383673
577 0.00242980096387968 125.882376240344
578 0.00267730397793012 135.998095374437
579 0.00275992007751257 141.177579833503
57 0.00277317760305954 140.461378419436
580 0.00262234879663596 137.477594037916
581 0.00275983388569063 137.406594006566
582 0.00276083081509596 138.457515465565
583 0.00265123360897915 134.860558679292
584 0.00345518714565381 152.685355892401
585 0.00293365106448231 151.907890167635
586 0.00273673754102296 138.649875222001
587 0.00307111497115535 151.634508889379
588 0.00283676059376227 136.06751429684
589 0.00298592714556167 152.984373395178
58 0.00282984640866747 149.445001438432
590 0.00280937356647153 141.753011484891
591 0.00264936856281219 137.354464139617
592 0.00295521653085481 148.168190010683
593 0.00260720470095638 132.72838380531
594 0.00278913014138012 144.114448368874
595 0.00262353988920314 134.717119540157
596 0.00255207057044136 128.510106218973
597 0.00270334020580814 135.206183016524
598 0.00290439023557187 140.434509193616
599 0.00285878052086394 140.368823764122
59 0.00261336051351105 136.997292602797
5 0.00265437701205953 135.962735585835
600 0.00285437200468763 142.197392432041
601 0.00293295792557107 144.703472242192
602 0.00290373867931493 137.546968275523
603 0.00306261028151394 154.590186916348
604 0.00282667220666647 146.129469371397
605 0.00254044350589006 128.574528649453
606 0.00287045886669396 145.458599138821
607 0.0028781883097539 138.434960362182
608 0.00289557114229083 144.874493119222
609 0.00280007458989453 140.15230573018
60 0.00262430843244542 132.246559473559
610 0.00257919236696528 133.292798657493
611 0.00722322465694044 135.613269315104
612 0.00271942338154875 139.579050630674
613 0.00295582660592002 148.149702641115
614 0.00283289183000599 136.873591635344
615 0.00284230423814033 143.606342101181
616 0.00306545929140227 144.65383533338
617 0.00259579108854095 134.510321912235
618 0.00288725610575937 142.077157059209
619 0.00253129928337275 130.869402372559
61 0.00276823386396952 141.090595761986
620 0.00278665086146964 145.910824707591
621 0.00276520082051367 138.316666454771
622 0.0027360558373189 139.221752500925
623 0.00261928311313423 133.180525243022
624 0.00263289401367593 137.636180160827
625 0.00286515784750119 143.142025972907
626 0.00274863386170222 141.002901023579
627 0.00272458338252599 142.773319778458
628 0.00289093715667839 147.924547917672
629 0.00359916642772623 147.840255210946
62 0.00277984100934937 140.404666484463
630 0.00275969442033065 143.488180811689
631 0.0248043269501828 150.410236235815
632 0.00271352685779808 137.066442041999
633 0.00360981514939911 136.223542175351
634 0.00294946369710844 149.705639243591
635 0.00264317170429089 137.478761628474
636 0.00375338293409121 140.225040430519
637 0.00254945696257266 131.144813173521
638 0.00273410698819536 137.575214331285
639 0.00265316785220004 138.789107146056
63 0.00256464454190355 129.635925047717
640 0.00294236534962446 142.290189128643
641 0.00269319609607234 137.141353458964
642 0.00280144823440429 143.315010229008
643 0.00277672541139336 140.510298684055
644 0.00301380546090607 148.566950636309
645 0.00508564588772516 150.591320905692
646 0.00270936396557584 137.854382098094
647 0.0029013623897532 146.924970272124
648 0.00278243851746821 137.658121544674
649 0.00265324272735417 134.544276426703
64 0.00258472064570939 135.017647074532
650 0.00273708107209982 138.046773943952
651 0.00296022921448124 146.38973149939
652 0.00290519272900687 148.563647322515
653 0.00272144289573114 142.054139509128
654 0.00270804063588731 137.996520509897
655 0.00250773524189838 128.211266550006
656 0.00307524323547964 152.187197572925
657 0.00258630677658697 137.046029168468
658 0.00249477244481998 131.032984017094
659 0.0028054566189327 143.613745513651
65 0.00244524824038878 125.372835624739
660 0.00305873377895047 154.47908133634
661 0.00281736328192905 143.61456812835
662 0.0028401097983253 139.703025487004
663 0.00277925098411692 141.609824005919
664 0.00262648676323304 138.760834770097
665 0.00293044735524929 147.744532803968
666 0.00281624429383127 140.157769269346
667 0.00255342684853444 130.929741838635
668 0.00348545233384084 131.389268507494
669 0.00252710885132386 132.462060591577
66 0.0026782042607391 136.300785295026
670 0.00287941165700441 146.89118624399
671 0.00249051310043284 125.93258327313
672 0.00291730635657016 138.840728929731
673 0.00257627390068016 132.602391040398
674 0.00271651623739628 139.119109760865
675 0.0027529707515408 142.113886760129
676 0.00281520399113634 144.452324748629
677 0.00278076473504245 141.435171264625
678 0.00273047853377054 141.214757917794
679 0.00311509744554056 155.216075514058
67 0.00282018789171806 144.798517581455
680 0.00270337036021431 129.011135293739
681 0.00271092064398968 136.037678244085
682 0.00294941750826522 147.734928154257
683 0.00255151642417667 131.645088572523
684 0.00275791377352743 140.678208788075
685 0.00263174569789632 132.809275714367
686 0.0029983245094848 152.001618146598
687 0.00267154406711451 136.18649598707
688 0.002794605241155 140.530418111034
689 0.00271708806131635 136.986065911953
68 0.00270534739134535 138.953956999707
690 0.00270287144590126 136.447161859022
691 0.00260498343394559 133.368180771273
692 0.00292263221801481 144.137778765627
693 0.00285333272022186 145.034647362157
694 0.00278020692529631 142.315485047996
695 0.00281748368699115 144.382208767313
696 0.00290417461296355 147.047813728646
697 0.00292182191351893 148.066850832603
698 0.00555085593755981 137.039001171546
699 0.00260946744945277 134.328615661019
69 0.00290182367857084 149.610882439173
6 0.00275823440030364 140.013801129757
700 0.00269982920324056 140.954851411719
701 0.002712780136763 136.413271031882
702 0.00256204820243426 129.646228297498
703 0.00282801646094533 146.087370128288
704 0.00284627202228867 147.287089129842
705 0.00281547874762438 147.614206170795
706 0.00299089545778777 150.787666056574
707 0.00290239933695033 145.8291288795
708 0.00275230545262935 139.192423822367
709 0.00295936206461322 146.565075629571
70 0.0062784171989352 135.366969066639
710 0.00273054517169351 140.270877021635
711 0.0027797524410774 143.770404492592
712 0.00288651574632294 146.160823139313
713 0.00267836170112186 135.951188663621
714 0.00269288530662519 137.39677730693
715 0.00288627389119733 147.309091375628
716 0.00263754727963191 132.513517713254
717 0.00295903650784334 149.591571474879
718 0.0028836556623873 148.181467743103
719 0.00268745265957199 133.627218649123
71 0.00253315975174064 129.660251711684
720 0.00294091670634495 145.852020642263
721 0.00272794005167586 143.033481547106
722 0.00287151445868888 145.008107705029
723 0.00287393097864284 144.99262933642
724 0.00302701439430091 157.778916001538
725 0.00281152456508029 136.330589638191
726 0.00260245852807367 131.016280747513
727 0.00298334398992802 150.755851563583
728 0.00311367206602139 149.20629847178
729 0.00264372938016442 136.840272767196
72 0.00306823421782901 138.120825123897
730 0.00261490415652747 129.406091801309
731 0.00278962975021605 141.769830504883
732 0.00276349839928832 138.898368924674
733 0.00289852323578148 148.006578453073
734 0.00277559016423748 144.612721743046
735 0.00267307463406359 134.062198648681
736 0.00272661933715502 137.203016413234
737 0.00283865073039963 144.222018122174
738 0.00257685867936786 134.113023555023
739 0.00293742259507343 143.326916539369
73 0.00273398582711666 135.621940747388
740 0.00271021346230848 140.459518903824
743 0.00359954359179654 134.610859645442
744 0.00309782243167024 147.479238786894
745 0.00266881054889452 138.211946661689
746 0.00314090647390363 159.368915529893
747 0.00281460045548639 141.310895180506
748 0.00287854477371143 144.40397619532
749 0.00282765331021937 140.848863223558
74 0.00276676054031335 143.806839676909
750 0.00248588899063321 128.85667675733
751 0.00258292384175458 132.375994906478
752 0.00293739668853252 144.756753145314
753 0.00339739057143403 150.192760569668
754 0.00283193874156192 148.617402987746
755 0.00279307199146032 141.890307906086
756 0.00258798216862703 131.211370462925
757 0.00274687505922459 140.826119882436
758 0.00289447564417309 134.624186079934
759 0.00297704656217008 140.999576964054
75 0.00261516131497228 133.723142423954
760 0.00271688716864107 136.459660239779
761 0.00292823319481175 148.850945257028
762 0.00268723034012599 137.012755140133
763 0.00287439248445662 146.159731067913
764 0.00291344963139546 143.931409419026
765 0.0027769876712479 142.879198639436
766 0.00285948375650706 139.866503456597
767 0.0026918671453504 138.151754938679
768 0.00297018503963325 143.546678799909
769 0.00272365958103536 135.322716261302
76 0.00262387463827839 137.652563545322
770 0.0028732684532704 142.235636496088
771 0.00292469392186654 144.01380867329
772 0.00283737504385884 142.240808865103
773 0.00270660186570856 136.811783886033
774 0.00277562587170074 138.801814938241
775 0.00282537811215727 141.832188624838
776 0.0027178543725221 139.958188671193
777 0.00291450782706652 145.620355230323
778 0.00267180058251283 137.601810676466
779 0.00251541447444003 128.786553939802
77 0.00269323768317813 138.527200790731
780 0.00311303500070069 148.250201004562
781 0.00279503629378111 140.364281403474
782 0.00260995634592298 134.308287940672
783 0.00250555874880641 125.126279113974
784 0.00262476889169912 130.586264064127
785 0.0028929241038761 148.58194751585
786 0.00296688259628084 145.569596028081
787 0.00263028302482182 136.388219720203
788 0.00273302856026702 138.616958761838
789 0.00278869769621685 135.988844406124
78 0.00272230281803111 137.515876693202
790 0.00289144634135736 149.928886033786
791 0.00256373454709582 132.767024532185
792 0.0028465670267537 143.373206507391
793 0.00475354217463522 128.824507091333
794 0.00371381437024338 152.877901035942
795 0.00273603245037373 139.366555630031
796 0.00280107079098407 143.010279664502
797 0.00283729159499781 147.924437570598
798 0.0026482040632307 134.372470472435
799 0.00271483081787123 143.05102295846
79 0.00263448137343733 133.354293055729
7 0.00280467916714997 142.675728206319
800 0.00493595730991445 137.917849202202
801 0.00296318179249539 151.270978227758
802 0.00272592521866322 139.95093188129
803 0.00275283439227552 138.994968439133
804 0.00295204984276355 148.165811147086
805 0.0027016999702101 141.492729660258
806 0.00248975258741246 128.935202304793
807 0.00302477079843301 141.923615806189
808 0.00265960452672963 133.567443845242
809 0.00271472938381923 140.355264302359
80 0.00268231025346711 137.551912310863
810 0.00256017020705869 133.655429049253
811 0.00281738144746915 146.262677542188
812 0.00256556068366174 131.052160963288
813 0.003299648205313 141.136969163041
814 0.00287533456554463 147.305029482967
815 0.00298178100872324 151.762162881976
816 0.00273143321962745 140.803393476962
817 0.00291857676148096 145.518847970077
818 0.00277342176236028 140.605509055073
819 0.00264943486280681 136.083681442991
81 0.0037265114122292 134.825108092029
820 0.0028734945621614 143.184989978792
821 0.00268918372102709 135.818803870974
822 0.00260188729307127 132.651014344909
823 0.0027600697893473 139.326098687428
824 0.00263329690390689 135.146494807587
825 0.00287575952759408 150.099782339739
826 0.00303444925777111 150.679664153592
827 0.00284761963739391 143.80897434907
828 0.00262453402725815 134.055216610938
829 0.00278096734286706 145.897235824599
82 0.00296558616277252 143.795940152821
830 0.00291677061770579 144.060314042285
831 0.00328129647716672 156.022572790883
832 0.00274629841463739 139.498980938227
833 0.00287948567493541 149.399812963973
834 0.00306062687701303 158.185214283327
835 0.00279223143180041 140.534732686662
836 0.00267923846829935 138.698627228669
837 0.00255747820017282 134.073763793314
838 0.00295866164390354 150.530489706709
839 0.00374854254053356 144.101814341501
83 0.00548813498298143 143.731661239205
840 0.00295418033590958 145.345853484703
841 0.0033183618908299 159.663041081964
842 0.00278996226829099 143.22783857795
843 0.00298352709045554 150.306529809755
844 0.00266273096509864 140.509179111194
845 0.00281730218467469 140.843163615416
846 0.00292252339375113 146.865913617382
847 0.00242991162779226 127.733948745292
848 0.00272439747538461 136.328239999
849 0.00242412297966715 125.974101879631
84 0.00291180892385139 138.029618121717
850 0.00297529840462055 145.577913054684
851 0.00290111050101863 141.623330189863
852 0.002689485953794 137.283592907524
853 0.00279043697611982 144.724336409849
854 0.00257262675576863 134.194406963913
855 0.00265610874709441 138.195720986913
856 0.00279747625743762 137.824253719247
857 0.00253744288891995 128.918967307542
858 0.00268546959821676 128.860183674021
859 0.00267295423677184 135.701778303103
85 0.00291294170731729 142.753055311106
860 0.00277763702909939 137.692134861965
861 0.00257170562969273 129.695603756315
862 0.00279495344698344 132.719880918033
863 0.00267116718703128 137.287599019942
864 0.0025830714164246 132.368005655844
865 0.00280126591986802 145.499752650758
866 0.00274113831773739 138.789227365279
867 0.00299915932786274 150.037500385789
868 0.00262228294119214 135.19909214093
869 0.00246770037072326 124.841311877279
86 0.00266815109138648 137.671088403961
870 0.00300637554413913 142.593600911635
871 0.00298147779647868 147.246759409567
872 0.00276983475859331 141.573857776006
873 0.00269583692921511 139.747220122669
874 0.00281094466051057 141.098662774278
875 0.00296932355291081 147.130861270758
876 0.00273736328386794 139.165097470044
877 0.00273457219702592 139.265625079835
878 0.0027797952103913 137.951746938117
879 0.00280395683373969 136.295410048577
87 0.00262854165038563 136.756376138417
880 0.0028074191303165 132.828714384066
881 0.00249739749652767 124.3129337643
882 0.00302018873947032 149.95750101537
883 0.00277401691632669 140.919896793182
884 0.00286344183409403 140.316891590067
885 0.00249439057646848 126.751849950056
886 0.0028101426404566 140.240973636447
887 0.00298829989733821 148.116132792231
888 0.00286212435850114 146.494397761614
889 0.00284057380435123 140.413529108202
88 0.00266921707532545 136.403549040003
890 0.00266801144018814 134.082803573891
891 0.0024749289365794 127.206394520265
892 0.00291900981563283 146.757094553045
893 0.00275340477741788 137.774392788876
894 0.00268889638227387 137.507763555741
895 0.00301232554874891 151.319894660954
896 0.002468101865668 128.57771321797
897 0.00295016341504876 154.316001598903
898 0.00277563181670915 141.296603218412
899 0.00263807561534514 131.657282896514
89 0.00257358944202993 135.500670183736
8 0.00299211318377277 142.285347105808
900 0.00289538732154785 139.980138430389
903 0.00281817717464326 145.477600157915
904 0.00272895316508482 142.030839086401
905 0.00291241290688167 138.78606142061
906 0.00290785096435323 139.730226724872
907 0.00263606590444113 136.341660415616
908 0.00299396113819396 152.417178175981
909 0.00286642327768452 148.905904769706
90 0.00275604286632908 135.993326644422
910 0.00233441291842971 122.743062838463
911 0.00281044787694559 146.494315462474
912 0.00292609223363683 149.034629119813
913 0.00295245703272504 147.334002664627
914 0.00267285576796343 134.385898865886
915 0.00293484522077848 144.823223505014
916 0.00287921640023494 146.965584650758
917 0.0029447622764711 150.184081362718
918 0.00281630540554978 143.857461498537
919 0.00271814665755205 137.589655500484
91 0.002604092228062 133.732388774402
920 0.00279067997452272 142.76483445714
921 0.00281729763086079 134.90295642629
922 0.00246279740469988 124.774867448904
923 0.00275356087848007 135.233541452614
924 0.00275773164682548 140.57815494448
925 0.00272878484485816 138.36334140498
926 0.00258762597122794 130.678895158363
927 0.00280891050901614 144.358141647684
928 0.00292807704768706 147.513492473678
929 0.00267019433922157 136.117493713616
92 0.0026765199323615 137.525062420476
930 0.00297146868006841 150.801137328422
931 0.00268448392984301 137.915292745085
932 0.00272564850642006 138.523602667081
933 0.00278437511158775 142.258319434117
934 0.0030601163566434 148.049562496358
935 0.00305008347522481 147.6032752977
936 0.00270378317020452 140.206843326959
937 0.00246926466018133 129.701252297364
938 0.00277863153764184 140.521241681363
939 0.00282051566861744 140.453691441839
93 0.00298412753383311 153.244694855891
940 0.00430526101745936 150.746670316761
941 0.00282629412632903 142.950735787439
942 0.00266207957644691 138.960602011789
943 0.002529607902783 130.726829479153
944 0.00306889937606497 153.683476767569
945 0.00263772803073874 137.89166964625
946 0.00624862897333768 145.380499637485
947 0.00240070478608427 125.901621010722
948 0.00283375344552466 143.918935601898
949 0.00269895052513261 135.54211218447
94 0.00295972070413207 149.22768050907
950 0.00266861266109581 135.172114901147
951 0.00272106051166687 137.212376145909
952 0.00279843697483926 141.223398125264
953 0.00290867939364696 142.516399200286
954 0.00278137900180892 137.382837890435
955 0.00261701667619747 131.544903987562
956 0.00279243023952094 141.111569397278
957 0.00271655360035259 137.281560418964
958 0.00273417467257655 138.461336878191
959 0.00246576835280921 127.462917252301
95 0.00275822014024204 139.113727531018
960 0.00277511111421923 140.95326194287
961 0.00284492507205689 144.385186675255
962 0.00263081730500938 134.756039819466
963 0.00269441255511583 141.700479374994
964 0.00302505180045039 153.35357703123
965 0.00278011080869382 140.002329788134
966 0.00277656316793301 141.437447063257
967 0.00302244849131661 150.953188657817
968 0.00276226024047213 141.219458834046
969 0.00282176260578584 142.781578157458
96 0.00288095744957914 147.716002185628
970 0.00297399272408658 151.609081158503
971 0.00307034840314485 150.794672235054
972 0.00280885427468694 140.03848910224
973 0.0542382100991987 145.551592552216
974 0.00244553351598574 126.989841689681
975 0.00271485274910118 135.546433643263
976 0.00283298743224675 145.429391447218
977 0.00276464245838303 140.567251139482
978 0.00259888883479748 131.735647289172
979 0.00272118274121884 135.673324411584
97 0.00255555769804337 135.828506186792
980 0.002784919928645 140.614861691366
981 0.0026480573396438 136.627376089524
982 0.00289759728584983 147.171307232778
983 0.00267653569689064 135.779363346699
984 0.00297376722066231 148.973443585864
985 0.00282984685107305 142.303146917502
986 0.00273707839945979 135.087918997906
987 0.00269428094473861 134.022527923305
988 0.00282237036926225 143.56309375457
989 0.00278309973513812 140.556483186999
98 0.00289127028745327 147.578629263794
990 0.00289607075644801 147.844334649352
991 0.00339975470088052 129.251888463329
992 0.00278619275288105 144.73181209012
993 0.00286830017801085 148.066495364266
994 0.00286453418839291 145.675474016271
995 0.00296130676302949 150.235243562034
996 0.00274954291033072 138.32740190498
997 0.00274963162869423 134.158328905068
998 0.0028941848252694 147.147058298898
999 0.0029085864253135 141.612536491647
99 0.0028680306981288 144.37267091981
9 0.00277269084212327 138.632678423843
741 0.00282812137600942 143.470238968684
742 0.00266517540741139 137.81963454109
901 0.00250608867306905 123.334562043755
902 0.0025509676016807 127.084941717513
